 0 42  7 18 49  3 57 48 83 47 36 64 47 62 77 46 51 65 72 51 
42  0 83 34  7 49 38 43  6 91  8 64  1 43 70 76 61 98 30 89 
 7 83  0 49 89 65 11  9 75 39 30 13  9 97 80 76  7 51 37 14 
18 34 49  0  4 27  3 32 95 46  9 88 48 60 75 81 70 26 25 80 
49  7 89  4  0  2 51 37 91 54 60 93  1 16 75 82 46 75 98 30 
 3 49 65 27  2  0 85 16 40 41 32 80 60 69 12 59 73 48 14 55 
57 38 11  3 51 85  0 76  7 98 43 59 36 34 48 70 100 91 63 75 
48 43  9 32 37 16 76  0 21 60 98 58 63 23 31 39 12 31 55  7 
83  6 75 95 91 40  7 21  0 91 84 99 37 96 83 25 64 79 44  5 
47 91 39 46 54 41 98 60 91  0 13 74 80  2 24 85 85 31 93 16 
36  8 30  9 60 32 43 98 84 13  0 87 83 89 42 12 41 47 24 36 
64 64 13 88 93 80 59 58 99 74 87  0 22 93 37 62  6 100 82 35 
47  1  9 48  1 60 36 63 37 80 83 22  0 13 39 27 74 55  7 38 
62 43 97 60 16 69 34 23 96  2 89 93 13  0 36 60 93 42 32 71 
77 70 80 75 75 12 48 31 83 24 42 37 39 36  0 48 75 53 35 28 
46 76 76 81 82 59 70 39 25 85 12 62 27 60 48  0 81 14 62 81 
51 61  7 70 46 73 100 12 64 85 41  6 74 93 75 81  0 20 35 29 
65 98 51 26 75 48 91 31 79 31 47 100 55 42 53 14 20  0 48 86 
72 30 37 25 98 14 63 55 44 93 24 82  7 32 35 62 35 48  0 79 
51 89 14 80 30 55 75  7  5 16 36 35 38 71 28 81 29 86 79  0 
