 0	23	75	60	48	44	82	37	
23	0	74	97	80	54	54	27	
75	74	0	53	10	8	15	77	
60	97	53	0	23	94	38	39	
48	80	10	23	0	51	38	17	
44	54	8	94	51	0	84	77	
82	54	15	38	38	84	0	37	
37	27	77	39	17	77	37	0	