 0 21  3 44 98 85 15 81 87 27 50 91 41 93 98 69 26 84 78  8 
21  0 100 82 39 80 82 72 31 74 51 98 70 37 37 79  8 63 51 95 
 3 100  0 52 39 55 42 40 24 71 60 17 60 49 48 36 51 85 97 50 
44 82 52  0  3 58 63 13 25 35 79 47 85 21 34 65 78 95 35 35 
98 39 39  3  0 50 80 80 40 37 73 88 96 64 44 48 76  1 17  9 
85 80 55 58 50  0 45 68  3 22 92 34 80 97 88 23 91 37  6 13 
15 82 42 63 80 45  0 60 26 81  7 34 76 39 100 88 83 71  3 86 
81 72 40 13 80 68 60  0 58 55 100 98 10 55 13 57 95 40 44  7 
87 31 24 25 40  3 26 58  0 75 51 77 78 96 54 13 49 75 34 89 
27 74 71 35 37 22 81 55 75  0 57 44 61 72 97 90 45 49 53 62 
50 51 60 79 73 92  7 100 51 57  0 56 28 99 86 19 12 67 38 58 
91 98 17 47 88 34 34 98 77 44 56  0  3  9 85 70 63 55 21 98 
41 70 60 85 96 80 76 10 78 61 28  3  0 47 60 73 18  9  4 96 
93 37 49 21 64 97 39 55 96 72 99  9 47  0 71 11 60 29 14 95 
98 37 48 34 44 88 100 13 54 97 86 85 60 71  0 85  2 29 57 38 
69 79 36 65 48 23 88 57 13 90 19 70 73 11 85  0 88  7 88 24 
26  8 51 78 76 91 83 95 49 45 12 63 18 60  2 88  0  2 96 95 
84 63 85 95  1 37 71 40 75 49 67 55  9 29 29  7  2  0 31 66 
78 51 97 35 17  6  3 44 34 53 38 21  4 14 57 88 96 31  0 13 
 8 95 50 35  9 13 86  7 89 62 58 98 96 95 38 24 95 66 13  0 
