0	72	64	47	19	68	91	58	
72	0	61	41	47	59	56	71	
64	61	0	95	49	20	30	96	
47	41	95	0	95	24	56	55	
19	47	49	95	0	86	48	2	
68	59	20	24	86	0	9	69	
91	56	30	56	48	9	0	22	
58	71	96	55	2	69	22	0	