 0 79 71 72 58 89 68 34 23 39 84 97 39 36 94 31 91 27 21 32 
79  0  4 14 85 26 44 60 41 90 34 72 51 82 89 88 49 12 34  2 
71  4  0 19  9 69 30 97 83 68 31 46 83 69 33 24 80 72 61  2 
72 14 19  0 15 27 71 96 69 95 75 22 46 45 42 60 78 93 37 17 
58 85  9 15  0  5 90 90 89 53 25 15 44 39 26 32 92 53 71 75 
89 26 69 27  5  0 42 38 83 63 49  3 61 11 67 82 34 59 44 94 
68 44 30 71 90 42  0 58 37 27 86 38 38  6 50 79 41 55 41 88 
34 60 97 96 90 38 58  0 58 100 46 12 12 47 36 70 72 26 30 66 
23 41 83 69 89 83 37 58  0 58 78 87 41 52 40 34 46 63 29 95 
39 90 68 95 53 63 27 100 58  0 12 43 40 10 45 52 36 74 92 87 
84 34 31 75 25 49 86 46 78 12  0 29 39 48 36 47 46 84 29 69 
97 72 46 22 15  3 38 12 87 43 29  0 67  2 11 89 32 64 39 47 
39 51 83 46 44 61 38 12 41 40 39 67  0 99 54 75 25 52 84 42 
36 82 69 45 39 11  6 47 52 10 48  2 99  0 12 10 40 40 100 53 
94 89 33 42 26 67 50 36 40 45 36 11 54 12  0 24 30 48 71  4 
31 88 24 60 32 82 79 70 34 52 47 89 75 10 24  0 11 26 47 38 
91 49 80 78 92 34 41 72 46 36 46 32 25 40 30 11  0 20 23 56 
27 12 72 93 53 59 55 26 63 74 84 64 52 40 48 26 20  0 25 42 
21 34 61 37 71 44 41 30 29 92 29 39 84 100 71 47 23 25  0 99 
32  2  2 17 75 94 88 66 95 87 69 47 42 53  4 38 56 42 99  0 