0	48	76	52	46	80	40	13	
48	0	31	70	89	39	91	60	
76	31	0	70	76	72	72	42	
52	70	70	0	73	78	94	59	
46	89	76	73	0	41	51	20	
80	39	72	78	41	0	49	95	
40	91	72	94	51	49	0	43	
13	60	42	59	20	95	43	0	