 0 47 83 41 40 95  5 24 83 19 29 13 64 70 42 68 10 24 86 89 
47  0 44 68 29 47 50 82 88 86 98 12 53 74 25 52 33 70 75  9 
83 44  0 49 78 83 28 22 13 21 87 79 10 55 71  4 14 70 17 39 
41 68 49  0  4 72 43 26  9 15 13 89 33 65 44 33 39 81 99 73 
40 29 78  4  0 86 84 22 56 64 64 41 32  6 13 86 79 32 90 96 
95 47 83 72 86  0 17 84  3  9 66 71 55 70 27 100 58 39 54 35 
 5 50 28 43 84 17  0 33 51 63 21 73 58 97 100 97 17 39 86 20 
24 82 22 26 22 84 33  0 45 62 50 37 54 56 55 98 46 23 26 45 
83 88 13  9 56  3 51 45  0 77 86 30 48  3 50 83 22  8 80 27 
19 86 21 15 64  9 63 62 77  0 98 26 22 97 61 85 71 14  5 69 
29 98 87 13 64 66 21 50 86 98  0 62 43 21 36 89 40 86 17  2 
13 12 79 89 41 71 73 37 30 26 62  0 26 46 54 94 95 32 78 31 
64 53 10 33 32 55 58 54 48 22 43 26  0 88 32 40 47 46  7 94 
70 74 55 65  6 70 97 56  3 97 21 46 88  0 89 49  5  9 68 99 
42 25 71 44 13 27 100 55 50 61 36 54 32 89  0 39 14 43 73 98 
68 52  4 33 86 100 97 98 83 85 89 94 40 49 39  0 78 96 59 94 
10 33 14 39 79 58 17 46 22 71 40 95 47  5 14 78  0 23 52 21 
24 70 70 81 32 39 39 23  8 14 86 32 46  9 43 96 23  0 96 26 
86 75 17 99 90 54 86 26 80  5 17 78  7 68 73 59 52 96  0 76 
89  9 39 73 96 35 20 45 27 69  2 31 94 99 98 94 21 26 76  0 
