 0 63 78 32 12 35 68  9  3 80 39 17 84  5 15 25 91  7 28 93 
63  0 24 27 61  4 26 50 58 31 51 25 39 82 89 11 61 65 74 15 
78 24  0 31 62 64 61 85 59 15 24 75 44 70 52 60 56 15  5 35 
32 27 31  0 87 28 51 87 70 69  8 30 15 66 65 34 10 11 71 68 
12 61 62 87  0 40 20  9 50 39 36 23  3 55 52 60 28 63 92 93 
35  4 64 28 40  0 67 27 88 75 26 66 26 12 22 84 13 70 86 88 
68 26 61 51 20 67  0 41 79  4 87 95 37 65 20  7 33 44 84 24 
 9 50 85 87  9 27 41  0 20 57 28 14 91 90 66 63 13 38 51 76 
 3 58 59 70 50 88 79 20  0 36 31 10 67 46 80 96 43 23 60 14 
80 31 15 69 39 75  4 57 36  0 47 53 55 33 22 24 65 56 78 45 
39 51 24  8 36 26 87 28 31 47  0 76 59 22 44 99 75 46 49 32 
17 25 75 30 23 66 95 14 10 53 76  0 98 81 19 34 58 67 88 11 
84 39 44 15  3 26 37 91 67 55 59 98  0 43 42 48 53 77 84 16 
 5 82 70 66 55 12 65 90 46 33 22 81 43  0 36 95 49 46 67 20 
15 89 52 65 52 22 20 66 80 22 44 19 42 36  0 10 82 79 43 39 
25 11 60 34 60 84  7 63 96 24 99 34 48 95 10  0 20 98  5 87 
91 61 56 10 28 13 33 13 43 65 75 58 53 49 82 20  0 99 32 20 
 7 65 15 11 63 70 44 38 23 56 46 67 77 46 79 98 99  0 85 53 
28 74  5 71 92 86 84 51 60 78 49 88 84 67 43  5 32 85  0 82 
93 15 35 68 93 88 24 76 14 45 32 11 16 20 39 87 20 53 82  0 
