0	28	72	69	57	31	33	17	
28	0	63	66	59	69	46	83	
72	63	0	56	45	22	58	98	
69	66	56	0	93	78	42	91	
57	59	45	93	0	22	84	45	
31	69	22	78	22	0	67	95	
33	46	58	42	84	67	0	76	
17	83	98	91	45	95	76	0	